
d_x=30;
m_c=2218.5;
I_zz=3074;
l_f=1.45;
l_r=1.509;
c_f=54250;
c_r=59300;
T=0.01;
